total number of win: 4
in GTI (not SAA):    4
atmo resp available: 4
able to analyze:     4
--------------------------------------------------------------------------------------------------------------------------------------------------
    tcent    duration  gti rock good  phi  theta  ra  dec  spec ampli  snr  snr0  snr1 chisq chisq+ sun  earth    logLR   coincLR  PE0   PE1   PE2
--------------------------------------------------------------------------------------------------------------------------------------------------
554882332.808   1.024   1    1    1  246.4  27.0  38.2  13.5 0  0.30   4.8   3.8   2.4   1.2   1.4  89.8  95.2     8.03     8.03   1.7   1.4   0.8
554882340.488   4.096   1    1    1   52.4  -7.0 197.1  -1.9 2  0.10   4.8   1.8   1.4  64.7 128.7  66.6 108.7     6.73     6.73   2.5   2.0   0.8
554882368.776   0.256   1    1    1  102.9  21.0 234.4  42.3 1  0.61   4.6   2.8   2.8   0.9   1.1  86.7  91.6     6.15     6.15   1.2   0.6   0.4
554882336.008   0.256   1    1    2  303.8 -46.0  74.4 -72.8 2 -0.03  -0.0   0.9   0.3   1.1   1.2  98.2  83.1     4.79     4.79   2.3   1.2  -0.3
