total number of win: 6
in GTI (not SAA):    6
atmo resp available: 6
able to analyze:     6
--------------------------------------------------------------------------------------------------------------------------------------------------
    tcent    duration  gti rock good  phi  theta  ra  dec  spec ampli  snr  snr0  snr1 chisq chisq+ sun  earth    logLR   coincLR  PE0   PE1   PE2
--------------------------------------------------------------------------------------------------------------------------------------------------
554863668.880   1.024   1    1    1  270.0   0.0  67.8 -53.2 2  0.20   4.9   2.3   2.1   1.0   1.0  89.9 139.3     7.69     7.69   2.5   1.7   1.2
554863678.736   0.256   1    1    1  212.1 -66.0 222.3 -46.8 0  0.50   4.3   3.4   1.9   0.8   0.9 103.0  67.2     5.80     5.80   1.6   1.2  -0.4
554863744.528   0.256   1    1    2    0.0  69.0  49.9  35.1 1  0.20   2.1   2.2   1.4   1.1   1.2  73.7 125.3     5.74     5.74   2.2   1.6  -0.9
554863659.792   0.256   1    1    2    0.0  69.0  45.7  34.8 1 -0.14  -0.5   0.6   0.3   1.2   1.5  77.1 123.9     5.43     5.43   1.8   1.7   0.4
554863744.144   0.512   1    1    2  193.3 -34.0 275.5 -44.7 2 -0.01  -0.1   0.9   0.7   0.9   1.3 139.3  80.6     4.61     4.61   1.6   0.6  -0.6
554863765.008   0.256   1    1    2  180.6 -32.0 276.1 -33.7 2 -0.05  -0.1   0.5   0.3   0.9   1.0 144.1  73.0     3.51     3.51   0.0   0.0   0.0
