12393.993   12394.121   3:26:33.99      0.128       
13000.969   13001.097   3:36:40.97      0.128       
13660.041   13660.169   3:47:40.04      0.128       
16200.0     16200.128   4:30:0.0        0.128       na 0.2      
18312.512   18312.64    5:5:12.51       0.128       
21483.84    21484.608   5:58:3.84       0.768       
25087.297   25093.441   6:58:7.3        6.144       n5 7.0      
32124.128   32124.256   8:55:24.13      0.128       n5 1.6      
32124.64    32124.768   8:55:24.64      0.128       
39564.097   39564.353   10:59:24.1      0.256       n6 2.9      
39579.968   39592.0     10:59:39.97     12.032      
43301.699   43301.827   12:1:41.7       0.128       
46956.608   46957.12    13:2:36.61      0.512       n7 5.6      
53955.662   53962.318   14:59:15.66     6.656       n6 6.7      
82046.485   82046.613   22:47:26.49     0.128       
85560.65    85570.506   23:46:0.65      9.856       nb 4.9      
89919.955   89921.747   24:58:39.95     1.792       nb 4.7      
