9576.348    9576.476    2:39:36.35      0.128       
10709.916   10724.508   2:58:29.92      14.592      
13839.809   13839.937   3:50:39.81      0.128       
26822.269   26822.397   7:27:2.27       0.128       
32324.548   32325.06    8:58:44.55      0.512       n8 3.7      
34732.096   34732.224   9:38:52.1       0.128       
35943.616   35944.0     9:59:3.62       0.384       n0 5.5      
45941.697   45941.825   12:45:41.7      0.128       n3 0.2      
79137.348   79137.732   21:58:57.35     0.384       n2 2.9      
81242.82    81242.948   22:34:2.82      0.128       
82720.324   82721.22    22:58:40.32     0.896       n6 5.6      
